model= Butterfly_Net, opt= Adam2, aug= original, imgsz xs, epochs= 10, bs= 42, hxw= 24

              precision    recall  f1-score   support

           2       1.00      0.79      0.88        48
           3       0.86      0.49      0.62        51
           4       1.00      0.86      0.92        43
           5       0.51      0.76      0.61        41
           6       0.62      0.65      0.63        48
           7       0.69      0.84      0.76        37
           8       1.00      0.35      0.52        49
           9       0.92      0.80      0.86        45
           A       0.97      0.81      0.89        43
           B       0.85      0.70      0.77        50
           C       0.51      0.78      0.62        41
           D       0.70      0.91      0.79        33
           E       0.66      0.82      0.73        38
           F       0.78      0.51      0.62        55
           G       0.55      0.74      0.63        39
           H       0.88      0.88      0.88        48
           J       0.77      0.71      0.74        34
           K       0.81      0.69      0.75        36
           L       0.74      0.65      0.69        48
           M       0.83      1.00      0.91        40
           N       0.90      0.90      0.90        52
           P       0.92      0.68      0.78        53
           Q       1.00      1.00      1.00        40
           R       0.85      0.74      0.79        38
           S       0.79      0.77      0.78        43
           T       0.51      0.76      0.61        41
           U       0.83      0.78      0.80        50
           V       0.93      0.93      0.93        42
           W       0.92      0.88      0.90        25
           X       0.82      0.93      0.87        45
           Y       0.55      0.85      0.67        48
           Z       0.84      0.88      0.86        52

    accuracy                           0.77      1396
   macro avg       0.80      0.78      0.77      1396
weighted avg       0.80      0.77      0.77      1396

[[38  0  0 ...  0  0  7]
 [ 0 25  0 ...  0  0  0]
 [ 0  0 37 ...  0  2  0]
 ...
 [ 0  0  0 ... 42  2  0]
 [ 0  0  0 ...  0 41  0]
 [ 0  0  0 ...  0  0 46]]


model= Butterfly_Net, opt= Adam2, aug= original, imgsz xs, epochs= 1, bs= 42, hxw= 24

              precision    recall  f1-score   support

           2       0.75      0.79      0.77       201
           3       0.83      0.62      0.71       189
           4       0.94      0.83      0.88       208
           5       0.57      0.79      0.66       197
           6       0.81      0.45      0.58       202
           7       0.71      0.91      0.80       196
           8       0.86      0.51      0.64       185
           9       0.85      0.83      0.84       221
           A       0.83      0.86      0.84       174
           B       0.73      0.57      0.64       200
           C       0.60      0.82      0.70       185
           D       0.84      0.67      0.75       187
           E       0.69      0.60      0.64       197
           F       0.49      0.82      0.61       167
           G       0.45      0.80      0.57       187
           H       0.83      0.78      0.81       194
           J       0.89      0.72      0.80       155
           K       0.68      0.86      0.76       170
           L       0.60      0.80      0.69       191
           M       0.96      0.84      0.90       146
           N       0.77      0.83      0.80       171
           P       0.83      0.68      0.75       191
           Q       0.98      0.91      0.94       177
           R       0.96      0.62      0.75       185
           S       0.50      0.72      0.59       155
           T       0.73      0.66      0.69       176
           U       0.78      0.70      0.74       213
           V       0.82      0.80      0.81       193
           W       0.82      0.94      0.88       149
           X       0.82      0.79      0.80       184
           Y       0.73      0.70      0.71       169
           Z       0.99      0.45      0.62       207

    accuracy                           0.74      5922
   macro avg       0.77      0.74      0.74      5922
weighted avg       0.77      0.74      0.74      5922

[[159   2   0 ...   0   1   1]
 [  0 118   0 ...   0   0   0]
 [  4   0 173 ...   6   2   0]
 ...
 [  0   0   0 ... 145   1   0]
 [  0   1   6 ...   0 119   0]
 [ 37   1   1 ...   0   0  93]]


model= Butterfly_Net, opt= Adam2, aug= original, imgsz xs, epochs= 1, bs= 42, hxw= 24 
** with original threshold **


              precision    recall  f1-score   support

           2       0.88      0.63      0.73       190
           3       0.88      0.55      0.67       194
           4       0.97      0.77      0.86       189
           5       0.61      0.82      0.70       208
           6       0.85      0.43      0.57       175
           7       0.72      0.96      0.82       207
           8       0.96      0.26      0.40       203
           9       0.79      0.83      0.81       227
           A       0.72      0.90      0.80       193
           B       0.59      0.57      0.58       190
           C       0.67      0.84      0.75       182
           D       0.79      0.73      0.76       201
           E       0.62      0.65      0.64       188
           F       0.45      0.79      0.57       201
           G       0.82      0.54      0.66       189
           H       0.89      0.68      0.77       182
           J       0.81      0.92      0.86       140
           K       0.70      0.73      0.71       181
           L       0.59      0.90      0.71       200
           M       0.94      0.95      0.94       152
           N       0.74      0.89      0.81       190
           P       0.60      0.65      0.63       179
           Q       0.95      0.90      0.93       167
           R       0.84      0.74      0.78       189
           S       0.52      0.82      0.63       176
           T       0.54      0.58      0.56       190
           U       0.67      0.89      0.77       161
           V       0.88      0.81      0.84       182
           W       0.96      0.86      0.91       125
           X       0.91      0.64      0.76       194
           Y       0.91      0.38      0.53       189
           Z       0.74      0.71      0.73       188

    accuracy                           0.72      5922
   macro avg       0.77      0.73      0.72      5922
weighted avg       0.76      0.72      0.72      5922

[[119   1   0 ...   1   0  33]
 [  1 106   0 ...   0   0   0]
 [  3   1 146 ...   1   2   1]
 ...
 [  0   0   0 ... 125   0   3]
 [  1   0   0 ...   0  71   0]
 [  4   1   1 ...   0   0 134]]


model= Butterfly_Net, opt= Adam2, aug= original, imgsz xs, epochs= 20, bs= 42, hxw= 24 
** with original threshold **


              precision    recall  f1-score   support

           2       0.99      0.46      0.63       188
           3       0.81      0.68      0.74       198
           4       1.00      0.82      0.90       197
           5       0.75      0.71      0.73       195
           6       0.99      0.42      0.59       190
           7       0.98      0.82      0.89       200
           8       0.92      0.56      0.69       192
           9       0.96      0.73      0.83       220
           A       0.94      0.91      0.93       192
           B       0.71      0.56      0.62       197
           C       0.72      0.89      0.80       202
           D       0.64      0.92      0.75       200
           E       0.80      0.66      0.72       199
           F       0.71      0.76      0.74       192
           G       0.60      0.84      0.70       204
           H       0.62      0.91      0.74       166
           J       0.77      0.96      0.85       126
           K       0.80      0.84      0.82       173
           L       0.73      0.90      0.81       176
           M       0.96      0.91      0.93       121
           N       0.77      0.95      0.85       196
           P       0.56      0.79      0.65       177
           Q       0.93      0.97      0.95       190
           R       0.93      0.77      0.84       180
           S       0.84      0.71      0.77       197
           T       0.79      0.64      0.71       167
           U       0.79      0.86      0.82       201
           V       0.85      0.86      0.86       169
           W       0.89      0.97      0.92       121
           X       0.94      0.84      0.89       206
           Y       0.71      0.80      0.75       188
           Z       0.64      0.90      0.75       202

    accuracy                           0.79      5922
   macro avg       0.81      0.79      0.79      5922
weighted avg       0.81      0.79      0.78      5922

[[ 86   1   0 ...   0   0  77]
 [  0 134   0 ...   0   1   1]
 [  0   0 162 ...   4  11   1]
 ...
 [  0   0   0 ... 174   3   0]
 [  0   0   0 ...   0 151   0]
 [  0   0   0 ...   0   0 182]]


model= Butterfly_Net, opt= Adam2, aug= original, imgsz xs, epochs= 20, bs= 42, hxw= 24 
** with adaptive threshold **


              precision    recall  f1-score   support

           2       0.92      0.78      0.84       179
           3       0.93      0.64      0.76       169
           4       0.87      0.94      0.90       175
           5       0.72      0.82      0.77       167
           6       0.91      0.64      0.75       162
           7       0.94      0.94      0.94       186
           8       0.96      0.67      0.79       194
           9       0.95      0.85      0.90       203
           A       0.92      0.92      0.92       213
           B       0.88      0.69      0.77       165
           C       0.81      0.81      0.81       179
           D       0.68      0.94      0.79       173
           E       0.65      0.75      0.70       170
           F       0.85      0.74      0.79       190
           G       0.77      0.88      0.82       181
           H       0.80      0.94      0.87       149
           J       0.95      0.92      0.93       153
           K       0.90      0.86      0.88       182
           L       0.76      0.81      0.78       158
           M       0.87      0.95      0.91        77
           N       0.91      0.91      0.91       168
           P       0.72      0.92      0.81       173
           Q       1.00      0.97      0.99       192
           R       0.85      0.93      0.88       178
           S       0.80      0.80      0.80       206
           T       0.80      0.84      0.82       157
           U       0.83      0.90      0.86       184
           V       0.90      0.96      0.93       163
           W       0.93      0.96      0.94       120
           X       0.95      0.90      0.92       168
           Y       0.85      0.90      0.88       192
           Z       0.88      0.81      0.84       188

    accuracy                           0.85      5514
   macro avg       0.86      0.85      0.85      5514
weighted avg       0.86      0.85      0.85      5514

[[140   0   2 ...   1   1  13]
 [  2 108   2 ...   0   1   1]
 [  0   0 165 ...   0   2   0]
 ...
 [  0   0   0 ... 151   1   0]
 [  0   0   2 ...   1 173   0]
 [  1   0   0 ...   1   1 152]]


model= Spiderweb_Net, opt= Adam2, aug= original, imgsz xs, epochs= 20, bs= 42, hxw= 24 
** with adaptive threshold **


              precision    recall  f1-score   support

           2       0.96      0.78      0.86       170
           3       0.82      0.76      0.79       188
           4       0.97      0.87      0.92       167
           5       0.90      0.62      0.74       173
           6       0.92      0.72      0.81       173
           7       0.95      0.90      0.92       177
           8       0.97      0.63      0.77       178
           9       0.95      0.76      0.85       198
           A       0.81      0.91      0.86       184
           B       0.86      0.55      0.67       157
           C       0.71      0.90      0.79       180
           D       0.77      0.85      0.81       176
           E       0.79      0.79      0.79       186
           F       0.78      0.71      0.74       201
           G       0.79      0.73      0.76       199
           H       0.85      0.84      0.84       153
           J       0.89      0.94      0.91       159
           K       0.78      0.90      0.84       170
           L       0.66      0.93      0.77       184
           M       0.89      0.91      0.90        97
           N       0.76      0.97      0.85       160
           P       0.73      0.84      0.78       206
           Q       0.97      0.98      0.97       184
           R       0.92      0.80      0.86       186
           S       0.81      0.77      0.79       192
           T       0.73      0.75      0.74       173
           U       0.70      0.91      0.79       181
           V       0.79      0.97      0.87       157
           W       0.90      0.98      0.94       102
           X       0.83      0.80      0.81       157
           Y       0.77      0.84      0.80       178
           Z       0.81      0.79      0.80       168

    accuracy                           0.82      5514
   macro avg       0.84      0.82      0.82      5514
weighted avg       0.83      0.82      0.82      5514

[[132   0   1 ...   1   0  19]
 [  1 143   0 ...   0   2   2]
 [  1   0 146 ...   1   2   0]
 ...
 [  0   0   0 ... 125   4   0]
 [  0   0   0 ...   2 150   0]
 [  0   0   0 ...   2   0 132]]


